{
    "LoopMode": "Wrap",
    "FrameDuration": 0.01670,
    "EnableCycleOffsetPosition": true,
    "EnableCycleOffsetRotation": false,
    "Joints": [
        "left_hip_yaw",
        "left_hip_roll",
        "left_hip_pitch",
        "left_knee",
        "left_ankle",
        "neck_pitch",
        "head_pitch",
        "head_yaw",
        "left_antenna",
        "right_antenna",
        "right_hip_yaw",
        "right_hip_roll",
        "right_hip_pitch",
        "right_knee",
        "right_ankle"
    ],
    "Vel_x": 0.24660,
    "Vel_y": -0.00280,
    "Yaw": -0.00110,
    "Placo": {
        "dx": 0.10000,
        "dy": 0,
        "dtheta": -0.01000,
        "duration": 8,
        "hardware": true,
        "double_support_ratio": 0.20000,
        "startend_double_support_ratio": 1.50000,
        "planned_timesteps": 48,
        "replan_timesteps": 10,
        "walk_com_height": 0.17500,
        "walk_foot_height": 0.04000,
        "walk_trunk_pitch": 5.00000,
        "walk_foot_rise_ratio": 0.20000,
        "single_support_duration": 0.25000,
        "single_support_timesteps": 10,
        "foot_length": 0.06000,
        "feet_spacing": 0.14000,
        "zmp_margin": 0.00000,
        "foot_zmp_target_x": 0.00000,
        "foot_zmp_target_y": 0.00000,
        "walk_max_dtheta": 1.00000,
        "walk_max_dy": 0.10000,
        "walk_max_dx_forward": 0.08000,
        "walk_max_dx_backward": 0.03000
    },
    "Frame_offset": [
        {
            "root_pos": 0,
            "root_quat": 3,
            "joints_pos": 7,
            "left_toe_pos": 22,
            "right_toe_pos": 25,
            "world_linear_vel": 28,
            "world_angular_vel": 31,
            "joints_vel": 34,
            "left_toe_vel": 49,
            "right_toe_vel": 52
        }
    ],
    "Frame_size": [
        {
            "root_pos": 3,
            "root_quat": 4,
            "joints_pos": 15,
            "left_toe_pos": 3,
            "right_toe_pos": 3,
            "world_linear_vel": 3,
            "world_angular_vel": 3,
            "joints_vel": 15,
            "left_toe_vel": 3,
            "right_toe_vel": 3
        }
    ],
    "Debug_info": [
        {
            "left_foot_pose": [
                1.00000,
                -0.00000,
                0.00000,
                -0.00000,
                0.00000,
                0.99994,
                0.01104,
                -0.00000,
                -0.00000,
                -0.01104,
                0.99994,
                0.00000,
                0.00000,
                0.00000,
                0.00000,
                1.00000
            ],
            "right_foot_pose": [
                1.00000,
                0.00000,
                0.00000,
                -0.00000,
                -0.00000,
                0.99993,
                -0.01176,
                -0.14000,
                -0.00000,
                0.01176,
                0.99993,
                0.00000,
                0.00000,
                0.00000,
                0.00000,
                1.00000
            ]
        },
        {
            "left_foot_pose": [
                1.00000,
                -0.00000,
                0.00000,
                -0.00000,
                0.00000,
                0.99995,
                0.01005,
                -0.00000,
                -0.00000,
                -0.01005,
                0.99995,
                0.00000,
                0.00000,
                0.00000,
                0.00000,
                1.00000
            ],
            "right_foot_pose": [
                1.00000,
                0.00000,
                0.00000,
                -0.00000,
                -0.00000,
                0.99992,
                -0.01275,
                -0.14000,
                -0.00000,
                0.01275,
                0.99992,
                0.00000,
                0.00000,
                0.00000,
                0.00000,
                1.00000
            ]
        },
        {
            "left_foot_pose": [
                1.00000,
                -0.00000,
                0.00000,
                -0.00000,
                0.00000,
                0.99996,
                0.00840,
                -0.00000,
                -0.00000,
                -0.00840,
                0.99996,
                0.00000,
                0.00000,
                0.00000,
                0.00000,
                1.00000
            ],
            "right_foot_pose": [
                1.00000,
                0.00000,
                0.00000,
                -0.00000,
                -0.00000,
                0.99990,
                -0.01440,
                -0.14000,
                -0.00000,
                0.01440,
                0.99990,
                0.00000,
                0.00000,
                0.00000,
                0.00000,
                1.00000
            ]
        },
        {
            "left_foot_pose": [
                1.00000,
                -0.00000,
                0.00000,
                -0.00000,
                0.00000,
                0.99998,
                0.00608,
                0.00000,
                -0.00000,
                -0.00608,
                0.99998,
                0.00000,
                0.00000,
                0.00000,
                0.00000,
                1.00000
            ],
            "right_foot_pose": [
                1.00000,
                0.00000,
                0.00000,
                -0.00000,
                -0.00000,
                0.99986,
                -0.01672,
                -0.14000,
                -0.00000,
                0.01672,
                0.99986,
                0.00000,
                0.00000,
                0.00000,
                0.00000,
                1.00000
            ]
        },
        {
            "left_foot_pose": [
                1.00000,
                -0.00000,
                0.00000,
                -0.00000,
                0.00000,
                1.00000,
                0.00312,
                0.00000,
                -0.00000,
                -0.00312,
                1.00000,
                0.00000,
                0.00000,
                0.00000,
                0.00000,
                1.00000
            ],
            "right_foot_pose": [
                1.00000,
                0.00000,
                0.00000,
                -0.00000,
                -0.00000,
                0.99981,
                -0.01968,
                -0.14000,
                -0.00000,
                0.01968,
                0.99981,
                0.00000,
                0.00000,
                0.00000,
                0.00000,
                1.00000
            ]
        },
        {
            "left_foot_pose": [
                1.00000,
                0.00000,
                0.00000,
                -0.00000,
                -0.00000,
                1.00000,
                -0.00047,
                0.00000,
                -0.00000,
                0.00047,
                1.00000,
                0.00000,
                0.00000,
                0.00000,
                0.00000,
                1.00000
            ],
            "right_foot_pose": [
                1.00000,
                0.00000,
                0.00000,
                -0.00000,
                -0.00000,
                0.99973,
                -0.02328,
                -0.14000,
                -0.00000,
                0.02328,
                0.99973,
                0.00000,
                0.00000,
                0.00000,
                0.00000,
                1.00000
            ]
        },
        {
            "left_foot_pose": [
                1.00000,
                0.00000,
                0.00000,
                -0.00000,
                -0.00000,
                0.99999,
                -0.00471,
                0.00000,
                -0.00000,
                0.00471,
                0.99999,
                0.00000,
                0.00000,
                0.00000,
                0.00000,
                1.00000
            ],
            "right_foot_pose": [
                1.00000,
                0.00000,
                0.00000,
                -0.00000,
                -0.00000,
                0.99962,
                -0.02752,
                -0.14000,
                -0.00000,
                0.02752,
                0.99962,
                0.00000,
                0.00000,
                0.00000,
                0.00000,
                1.00000
            ]
        },
        {
            "left_foot_pose": [
                1.00000,
                0.00000,
                0.00000,
                -0.00000,
                -0.00000,
                0.99995,
                -0.00960,
                0.00000,
                -0.00000,
                0.00960,
                0.99995,
                0.00000,
                0.00000,
                0.00000,
                0.00000,
                1.00000
            ],
            "right_foot_pose": [
                1.00000,
                0.00000,
                0.00000,
                -0.00000,
                -0.00000,
                0.99947,
                -0.03242,
                -0.14000,
                -0.00000,
                0.03242,
                0.99947,
                0.00000,
                0.00000,
                0.00000,
                0.00000,
                1.00000
            ]
        },
        {
            "left_foot_pose": [
                1.00000,
                0.00000,
                0.00000,
                -0.00000,
                -0.00000,
                0.99988,
                -0.01519,
                0.00000,
                -0.00000,
                0.01519,
                0.99988,
                0.00000,
                0.00000,
                0.00000,
                0.00000,
                1.00000
            ],
            "right_foot_pose": [
                1.00000,
                0.00000,
                0.00000,
                -0.00000,
                -0.00000,
                0.99928,
                -0.03802,
                -0.14000,
                -0.00000,
                0.03802,
                0.99928,
                0.00000,
                0.00000,
                0.00000,
                0.00000,
                1.00000
            ]
        },
        {
            "left_foot_pose": [
                1.00000,
                0.00000,
                0.00000,
                -0.00000,
                -0.00000,
                0.99977,
                -0.02153,
                0.00000,
                -0.00000,
                0.02153,
                0.99977,
                0.00000,
                0.00000,
                0.00000,
                0.00000,
                1.00000
            ],
            "right_foot_pose": [
                1.00000,
                0.00000,
                0.00000,
                -0.00000,
                -0.00000,
                0.99901,
                -0.04437,
                -0.14000,
                -0.00000,
                0.04437,
                0.99901,
                0.00000,
                0.00000,
                0.00000,
                0.00000,
                1.00000
            ]
        },
        {
            "left_foot_pose": [
                1.00000,
                0.00000,
                0.00000,
                -0.00000,
                -0.00000,
                0.99959,
                -0.02867,
                0.00000,
                -0.00000,
                0.02867,
                0.99959,
                0.00000,
                0.00000,
                0.00000,
                0.00000,
                1.00000
            ],
            "right_foot_pose": [
                1.00000,
                0.00000,
                0.00000,
                -0.00000,
                -0.00000,
                0.99867,
                -0.05154,
                -0.14000,
                -0.00000,
                0.05154,
                0.99867,
                0.00000,
                0.00000,
                0.00000,
                0.00000,
                1.00000
            ]
        },
        {
            "left_foot_pose": [
                1.00000,
                0.00000,
                0.00000,
                -0.00000,
                -0.00000,
                0.99933,
                -0.03672,
                0.00000,
                -0.00000,
                0.03672,
                0.99933,
                0.00000,
                0.00000,
                0.00000,
                0.00000,
                1.00000
            ],
            "right_foot_pose": [
                1.00000,
                0.00000,
                0.00000,
                -0.00000,
                -0.00000,
                0.99822,
                -0.05961,
                -0.14000,
                -0.00000,
                0.05961,
                0.99822,
                0.00000,
                0.00000,
                0.00000,
                0.00000,
                1.00000
            ]
        },
        {
            "left_foot_pose": [
                1.00000,
                0.00000,
                0.00000,
                -0.00000,
                -0.00000,
                0.99895,
                -0.04576,
                0.00000,
                -0.00000,
                0.04576,
                0.99895,
                0.00000,
                0.00000,
                0.00000,
                0.00000,
                1.00000
            ],
            "right_foot_pose": [
                1.00000,
                0.00000,
                0.00000,
                -0.00000,
                -0.00000,
                0.99764,
                -0.06869,
                -0.14000,
                -0.00000,
                0.06869,
                0.99764,
                0.00000,
                0.00000,
                0.00000,
                0.00000,
                1.00000
            ]
        },
        {
            "left_foot_pose": [
                1.00000,
                0.00000,
                0.00000,
                -0.00000,
                -0.00000,
                0.99844,
                -0.05591,
                0.00000,
                -0.00000,
                0.05591,
                0.99844,
                0.00000,
                0.00000,
                0.00000,
                0.00000,
                1.00000
            ],
            "right_foot_pose": [
                1.00000,
                0.00000,
                0.00000,
                -0.00000,
                -0.00000,
                0.99688,
                -0.07890,
                -0.14000,
                -0.00000,
                0.07890,
                0.99688,
                0.00000,
                0.00000,
                0.00000,
                0.00000,
                1.00000
            ]
        },
        {
            "left_foot_pose": [
                1.00000,
                0.00000,
                0.00000,
                -0.00000,
                -0.00000,
                0.99773,
                -0.06732,
                0.00000,
                -0.00000,
                0.06732,
                0.99773,
                0.00000,
                0.00000,
                0.00000,
                0.00000,
                1.00000
            ],
            "right_foot_pose": [
                1.00000,
                0.00000,
                0.00000,
                -0.00000,
                -0.00000,
                0.99591,
                -0.09037,
                -0.14000,
                -0.00000,
                0.09037,
                0.99591,
                0.00000,
                0.00000,
                0.00000,
                0.00000,
                1.00000
            ]
        },
        {
            "left_foot_pose": [
                1.00000,
                0.00000,
                0.00000,
                -0.00000,
                -0.00000,
                0.99679,
                -0.08011,
                0.00000,
                -0.00000,
                0.08011,
                0.99679,
                0.00000,
                0.00000,
                0.00000,
                0.00000,
                1.00000
            ],
            "right_foot_pose": [
                1.00000,
                0.00000,
                0.00000,
                -0.00000,
                -0.00000,
                0.99466,
                -0.10325,
                -0.14000,
                -0.00000,
                0.10325,
                0.99466,
                0.00000,
                0.00000,
                0.00000,
                0.00000,
                1.00000
            ]
        },
        {
            "left_foot_pose": [
                1.00000,
                0.00000,
                0.00000,
                -0.00000,
                -0.00000,
                0.99553,
                -0.09441,
                0.00000,
                -0.00000,
                0.09441,
                0.99553,
                0.00000,
                0.00000,
                0.00000,
                0.00000,
                1.00000
            ],
            "right_foot_pose": [
                1.00000,
                0.00000,
                0.00000,
                -0.00000,
                -0.00000,
                0.99305,
                -0.11767,
                -0.14000,
                -0.00000,
                0.11767,
                0.99305,
                0.00000,
                0.00000,
                0.00000,
                0.00000,
                1.00000
            ]
        },
        {
            "left_foot_pose": [
                1.00000,
                0.00000,
                0.00000,
                -0.00000,
                -0.00000,
                0.99390,
                -0.11032,
                0.00000,
                -0.00000,
                0.11032,
                0.99390,
                0.00000,
                0.00000,
                0.00000,
                0.00000,
                1.00000
            ],
            "right_foot_pose": [
                1.00000,
                0.00000,
                0.00000,
                -0.00000,
                -0.00000,
                0.99102,
                -0.13373,
                -0.14000,
                -0.00000,
                0.13373,
                0.99102,
                0.00000,
                0.00000,
                0.00000,
                0.00000,
                1.00000
            ]
        },
        {
            "left_foot_pose": [
                1.00000,
                0.00000,
                0.00000,
                -0.00000,
                -0.00000,
                0.99180,
                -0.12780,
                0.00000,
                -0.00000,
                0.12780,
                0.99180,
                0.00000,
                0.00000,
                0.00000,
                0.00000,
                1.00000
            ],
            "right_foot_pose": [
                1.00000,
                0.00000,
                0.00000,
                -0.00000,
                -0.00000,
                0.98847,
                -0.15139,
                -0.14000,
                -0.00000,
                0.15139,
                0.98847,
                0.00000,
                0.00000,
                0.00000,
                0.00000,
                1.00000
            ]
        },
        {
            "left_foot_pose": [
                1.00000,
                0.00000,
                0.00000,
                -0.00000,
                -0.00000,
                0.98922,
                -0.14647,
                0.00000,
                -0.00000,
                0.14647,
                0.98922,
                0.00000,
                0.00000,
                0.00000,
                0.00000,
                1.00000
            ],
            "right_foot_pose": [
                1.00000,
                0.00000,
                0.00000,
                -0.00000,
                -0.00000,
                0.98540,
                -0.17028,
                -0.14000,
                -0.00000,
                0.17028,
                0.98540,
                0.00000,
                0.00000,
                0.00000,
                0.00000,
                1.00000
            ]
        },
        {
            "left_foot_pose": [
                1.00000,
                0.00000,
                0.00000,
                -0.00000,
                -0.00000,
                0.98628,
                -0.16510,
                0.00000,
                -0.00000,
                0.16510,
                0.98628,
                0.00000,
                0.00000,
                0.00000,
                0.00000,
                1.00000
            ],
            "right_foot_pose": [
                1.00000,
                0.00000,
                0.00000,
                -0.00000,
                -0.00000,
                0.98195,
                -0.18915,
                -0.14000,
                -0.00000,
                0.18915,
                0.98195,
                0.00000,
                0.00000,
                0.00000,
                0.00000,
                1.00000
            ]
        },
        {
            "left_foot_pose": [
                1.00000,
                0.00000,
                0.00000,
                -0.00000,
                -0.00000,
                0.98298,
                -0.18372,
                -0.00000,
                -0.00000,
                0.18372,
                0.98298,
                0.00208,
                0.00000,
                0.00000,
                0.00000,
                1.00000
            ],
            "right_foot_pose": [
                1.00000,
                0.00000,
                0.00000,
                -0.00000,
                -0.00000,
                0.97856,
                -0.20595,
                -0.14000,
                -0.00000,
                0.20595,
                0.97856,
                0.00000,
                0.00000,
                0.00000,
                0.00000,
                1.00000
            ]
        },
        {
            "left_foot_pose": [
                1.00000,
                0.00000,
                0.00000,
                -0.00000,
                -0.00000,
                0.97868,
                -0.20540,
                -0.00000,
                -0.00000,
                0.20540,
                0.97868,
                0.00905,
                0.00000,
                0.00000,
                0.00000,
                1.00000
            ],
            "right_foot_pose": [
                1.00000,
                0.00000,
                0.00000,
                0.00000,
                -0.00000,
                0.97552,
                -0.21993,
                -0.14000,
                -0.00000,
                0.21993,
                0.97552,
                0.00000,
                0.00000,
                0.00000,
                0.00000,
                1.00000
            ]
        },
        {
            "left_foot_pose": [
                1.00000,
                0.00000,
                0.00000,
                -0.00000,
                -0.00000,
                0.97346,
                -0.22885,
                -0.00000,
                -0.00000,
                0.22885,
                0.97346,
                0.01868,
                0.00000,
                0.00000,
                0.00000,
                1.00000
            ],
            "right_foot_pose": [
                1.00000,
                0.00000,
                0.00000,
                0.00000,
                -0.00000,
                0.97304,
                -0.23064,
                -0.14000,
                -0.00000,
                0.23064,
                0.97304,
                0.00000,
                0.00000,
                0.00000,
                0.00000,
                1.00000
            ]
        },
        {
            "left_foot_pose": [
                1.00000,
                0.00000,
                0.00000,
                -0.00000,
                -0.00000,
                0.96784,
                -0.25155,
                -0.00000,
                -0.00000,
                0.25155,
                0.96784,
                0.02862,
                0.00000,
                0.00000,
                0.00000,
                1.00000
            ],
            "right_foot_pose": [
                1.00000,
                0.00000,
                0.00000,
                0.00000,
                -0.00000,
                0.97130,
                -0.23785,
                -0.14000,
                -0.00000,
                0.23785,
                0.97130,
                0.00000,
                0.00000,
                0.00000,
                0.00000,
                1.00000
            ]
        },
        {
            "left_foot_pose": [
                1.00000,
                0.00000,
                0.00000,
                -0.00000,
                -0.00000,
                0.96314,
                -0.26899,
                -0.00000,
                -0.00000,
                0.26899,
                0.96314,
                0.03651,
                0.00000,
                0.00000,
                0.00000,
                1.00000
            ],
            "right_foot_pose": [
                1.00000,
                0.00000,
                0.00000,
                0.00000,
                -0.00000,
                0.97044,
                -0.24135,
                -0.14000,
                -0.00000,
                0.24135,
                0.97044,
                0.00000,
                0.00000,
                0.00000,
                0.00000,
                1.00000
            ]
        },
        {
            "left_foot_pose": [
                1.00000,
                0.00000,
                0.00000,
                0.00000,
                -0.00000,
                0.96149,
                -0.27484,
                0.00000,
                -0.00000,
                0.27484,
                0.96149,
                0.03998,
                0.00000,
                0.00000,
                0.00000,
                1.00000
            ],
            "right_foot_pose": [
                1.00000,
                0.00000,
                0.00000,
                0.00000,
                -0.00000,
                0.97055,
                -0.24089,
                -0.14000,
                -0.00000,
                0.24089,
                0.97055,
                0.00000,
                0.00000,
                0.00000,
                0.00000,
                1.00000
            ]
        },
        {
            "left_foot_pose": [
                1.00000,
                0.00000,
                0.00000,
                0.00000,
                -0.00000,
                0.96297,
                -0.26959,
                0.00000,
                -0.00000,
                0.26959,
                0.96297,
                0.04000,
                0.00000,
                0.00000,
                0.00000,
                1.00000
            ],
            "right_foot_pose": [
                1.00000,
                0.00000,
                0.00000,
                0.00000,
                -0.00000,
                0.97163,
                -0.23652,
                -0.14000,
                -0.00000,
                0.23652,
                0.97163,
                0.00000,
                0.00000,
                0.00000,
                0.00000,
                1.00000
            ]
        },
        {
            "left_foot_pose": [
                1.00000,
                0.00000,
                0.00000,
                0.00000,
                -0.00000,
                0.96566,
                -0.25982,
                0.00000,
                -0.00000,
                0.25982,
                0.96566,
                0.04000,
                0.00000,
                0.00000,
                0.00000,
                1.00000
            ],
            "right_foot_pose": [
                1.00000,
                0.00000,
                0.00000,
                -0.00000,
                -0.00000,
                0.97355,
                -0.22847,
                -0.14000,
                -0.00000,
                0.22847,
                0.97355,
                0.00000,
                0.00000,
                0.00000,
                0.00000,
                1.00000
            ]
        },
        {
            "left_foot_pose": [
                1.00000,
                0.00000,
                0.00000,
                0.00000,
                -0.00000,
                0.96945,
                -0.24528,
                0.00000,
                -0.00000,
                0.24528,
                0.96945,
                0.04000,
                0.00000,
                0.00000,
                0.00000,
                1.00000
            ],
            "right_foot_pose": [
                1.00000,
                0.00000,
                0.00000,
                -0.00000,
                -0.00000,
                0.97627,
                -0.21655,
                -0.14000,
                -0.00000,
                0.21655,
                0.97627,
                0.00000,
                0.00000,
                0.00000,
                0.00000,
                1.00000
            ]
        },
        {
            "left_foot_pose": [
                1.00000,
                0.00000,
                0.00000,
                -0.00000,
                -0.00000,
                0.97537,
                -0.22057,
                -0.00000,
                -0.00000,
                0.22057,
                0.97537,
                0.03699,
                0.00000,
                0.00000,
                0.00000,
                1.00000
            ],
            "right_foot_pose": [
                1.00000,
                0.00000,
                0.00000,
                -0.00000,
                -0.00000,
                0.97975,
                -0.20025,
                -0.14000,
                -0.00000,
                0.20025,
                0.97975,
                0.00000,
                0.00000,
                0.00000,
                0.00000,
                1.00000
            ]
        },
        {
            "left_foot_pose": [
                1.00000,
                0.00000,
                0.00000,
                -0.00000,
                -0.00000,
                0.98271,
                -0.18514,
                -0.00000,
                -0.00000,
                0.18514,
                0.98271,
                0.02938,
                0.00000,
                0.00000,
                0.00000,
                1.00000
            ],
            "right_foot_pose": [
                1.00000,
                0.00000,
                0.00000,
                -0.00000,
                -0.00000,
                0.98381,
                -0.17920,
                -0.14000,
                -0.00000,
                0.17920,
                0.98381,
                0.00000,
                0.00000,
                0.00000,
                0.00000,
                1.00000
            ]
        },
        {
            "left_foot_pose": [
                1.00000,
                0.00000,
                0.00000,
                -0.00000,
                -0.00000,
                0.98937,
                -0.14542,
                -0.00000,
                -0.00000,
                0.14542,
                0.98937,
                0.01952,
                0.00000,
                0.00000,
                0.00000,
                1.00000
            ],
            "right_foot_pose": [
                1.00000,
                0.00000,
                0.00000,
                -0.00000,
                -0.00000,
                0.98817,
                -0.15337,
                -0.14000,
                -0.00000,
                0.15337,
                0.98817,
                0.00000,
                0.00000,
                0.00000,
                0.00000,
                1.00000
            ]
        },
        {
            "left_foot_pose": [
                1.00000,
                0.00000,
                0.00000,
                -0.00000,
                -0.00000,
                0.99445,
                -0.10517,
                -0.00000,
                -0.00000,
                0.10517,
                0.99445,
                0.00977,
                0.00000,
                0.00000,
                0.00000,
                1.00000
            ],
            "right_foot_pose": [
                1.00000,
                0.00000,
                0.00000,
                -0.00000,
                -0.00000,
                0.99243,
                -0.12280,
                -0.14000,
                -0.00000,
                0.12280,
                0.99243,
                0.00000,
                0.00000,
                0.00000,
                0.00000,
                1.00000
            ]
        },
        {
            "left_foot_pose": [
                1.00000,
                0.00000,
                0.00000,
                -0.00000,
                -0.00000,
                0.99784,
                -0.06565,
                -0.00000,
                -0.00000,
                0.06565,
                0.99784,
                0.00249,
                0.00000,
                0.00000,
                0.00000,
                1.00000
            ],
            "right_foot_pose": [
                1.00000,
                0.00000,
                0.00000,
                -0.00000,
                -0.00000,
                0.99614,
                -0.08780,
                -0.14000,
                -0.00000,
                0.08780,
                0.99614,
                0.00000,
                0.00000,
                0.00000,
                0.00000,
                1.00000
            ]
        },
        {
            "left_foot_pose": [
                1.00000,
                0.00000,
                0.00000,
                -0.00000,
                -0.00000,
                0.99964,
                -0.02678,
                0.00000,
                -0.00000,
                0.02678,
                0.99964,
                0.00000,
                0.00000,
                0.00000,
                0.00000,
                1.00000
            ],
            "right_foot_pose": [
                1.00000,
                0.00000,
                0.00000,
                -0.00000,
                -0.00000,
                0.99877,
                -0.04966,
                -0.14000,
                -0.00000,
                0.04966,
                0.99877,
                0.00000,
                0.00000,
                0.00000,
                0.00000,
                1.00000
            ]
        },
        {
            "left_foot_pose": [
                1.00000,
                -0.00000,
                0.00000,
                -0.00000,
                0.00000,
                0.99992,
                0.01243,
                0.00000,
                -0.00000,
                -0.01243,
                0.99992,
                0.00000,
                0.00000,
                0.00000,
                0.00000,
                1.00000
            ],
            "right_foot_pose": [
                1.00000,
                0.00000,
                0.00000,
                -0.00000,
                -0.00000,
                0.99995,
                -0.01038,
                -0.14000,
                -0.00000,
                0.01038,
                0.99995,
                0.00000,
                0.00000,
                0.00000,
                0.00000,
                1.00000
            ]
        },
        {
            "left_foot_pose": [
                1.00000,
                -0.00000,
                0.00000,
                -0.00000,
                0.00000,
                0.99872,
                0.05064,
                0.00000,
                -0.00000,
                -0.05064,
                0.99872,
                0.00000,
                0.00000,
                0.00000,
                0.00000,
                1.00000
            ],
            "right_foot_pose": [
                1.00000,
                -0.00000,
                0.00000,
                -0.00000,
                0.00000,
                0.99961,
                0.02776,
                -0.14000,
                -0.00000,
                -0.02776,
                0.99961,
                0.00000,
                0.00000,
                0.00000,
                0.00000,
                1.00000
            ]
        },
        {
            "left_foot_pose": [
                1.00000,
                -0.00000,
                0.00000,
                -0.00000,
                0.00000,
                0.99633,
                0.08554,
                0.00000,
                -0.00000,
                -0.08554,
                0.99633,
                0.00000,
                0.00000,
                0.00000,
                0.00000,
                1.00000
            ],
            "right_foot_pose": [
                1.00000,
                0.00000,
                0.00000,
                0.00003,
                -0.00000,
                0.99804,
                0.06253,
                -0.14000,
                -0.00000,
                -0.06253,
                0.99804,
                0.00009,
                0.00000,
                0.00000,
                0.00000,
                1.00000
            ]
        },
        {
            "left_foot_pose": [
                1.00000,
                -0.00000,
                0.00000,
                -0.00000,
                0.00000,
                0.99329,
                0.11563,
                0.00000,
                -0.00000,
                -0.11563,
                0.99329,
                0.00000,
                0.00000,
                0.00000,
                0.00000,
                1.00000
            ],
            "right_foot_pose": [
                1.00000,
                0.00001,
                0.00000,
                0.00143,
                -0.00001,
                0.99553,
                0.09450,
                -0.14000,
                -0.00000,
                -0.09450,
                0.99553,
                0.00408,
                0.00000,
                0.00000,
                0.00000,
                1.00000
            ]
        },
        {
            "left_foot_pose": [
                1.00000,
                -0.00000,
                0.00000,
                0.00000,
                0.00000,
                0.99006,
                0.14065,
                0.00000,
                -0.00000,
                -0.14065,
                0.99006,
                0.00000,
                0.00000,
                0.00000,
                0.00000,
                1.00000
            ],
            "right_foot_pose": [
                1.00000,
                0.00002,
                0.00000,
                0.00469,
                -0.00002,
                0.99207,
                0.12566,
                -0.14000,
                -0.00000,
                -0.12566,
                0.99207,
                0.01226,
                0.00000,
                0.00000,
                0.00000,
                1.00000
            ]
        },
        {
